$coord
    0.24798413300924     -1.25059290325856      0.00000000000000      c
   -0.24798413300924      1.25059290325856      0.00000000000000      c
   -1.52515190505069     -2.50544962560091      0.92911491372448      h
   -1.52515190505069     -2.50544962560091     -0.92911491372448      h
    2.04412758489144     -2.27957170630742      0.00000000000000      h
    1.52515190505069      2.50544962560091     -0.92911491372448      h
   -2.04412758489144      2.27957170630742      0.00000000000000      h
    1.52515190505069      2.50544962560091      0.92911491372448      h
$user-defined bonds
$redundant
     number_of_atoms             8
     degrees_of_freedom          6
     internal_coordinates        6
     frozen_coordinates          0
# definitions of redundant internals
   1 k -0.0298439526232 bend    4    5    1      val=  23.03148
       -0.0298439526232 bend    3    5    1
        0.1884108186656 bend    3    4    1
       -0.6061705902868 bend    2    5    1
        0.5455626709484 bend    2    4    1
        0.5455626709484 bend    2    3    1
   2 k  1.0000000000000 stre    1    3           val=   2.36261
   3 k  0.5928365483314 bend    4    5    1      val=  14.85176
        0.5928365483314 bend    3    5    1
        0.1104959714823 bend    3    4    1
       -0.4287111532221 bend    2    5    1
       -0.2248188618802 bend    2    4    1
       -0.2248188618802 bend    2    3    1
   4 k  1.0000000000000 stre    1    5           val=   2.07001
   5 k  1.0000000000000 stre    1    2           val=   2.54989
   6 k -0.1112101098836 bend    4    5    1      val=   0.54207
       -0.1112101098836 bend    3    5    1
        0.9672061868553 bend    3    4    1
        0.0778833255043 bend    2    5    1
       -0.1298287384145 bend    2    4    1
       -0.1298287384145 bend    2    3    1
         6 non zero eigenvalues  of BmBt
           1           5.343742025    1    0
         1
           2           4.593866027    2    0
         2
           3           0.927318390    3    0
         3
           4           0.655822253    4    0
         4
           5           0.410273354    5    0
         5
           6           0.304317984    6    0
         6
$end
